98.6941
97.3043
94.6194
91.1541
86.4573
76.4423
67.9424
43.2261
22.0193
10.2086
4.57383
2.86555
1.15948
0.389596
0.375627
0.409499
0.371066
0.234211
0.140206
0.107212
0.0682961
0.0447242
0.0326065
0.0212582
0.0166657
0.0120725
0.00931634
0.00747553
0.0050413
0.00153537
0.000526758
0.000465451
0.00045008
0.000466254
0.000453488
0.000443372
0.000454935
0.000448486
0.000413757
0.000413547
0.00041322
0.00042996
0.000419127
0.000435311
0.000403426
0.000430248
0.000435483
0.000419583
0.000440342
0.000404696
0.000409671
0.000401235
0.000432323
0.000418277
0.000407853
0.000399497
0.000392658
0.0003749
0.00039235
0.000428514
0.000399692
0.000373092
0.000386566
0.00040214
0.000384904
0.000399771
0.000450174
0.00042776
0.000422992
0.000418994
0.000421162
0.000415979
0.000444852
0.000448511
0.000437183
0.000404704
0.000440098
0.000389569
0.000387455
0.000409919
0.000430317
0.000397942
0.000392158
0.000443597
0.000399582
0.000401673
0.000430797
0.000425523
0.000406786
0.000399339
0.000402635
0.000409998
0.000422819
0.000431221
0.000452699
0.000450824
0.000417519
0.000398873
0.000460137
0.000459097
0.000418199
0.00040206
0.000388188
0.000388038
0.000399679
0.00040028
0.000410834
0.000405746
0.000443895
0.00044922
0.000423148
0.00043296
0.000422307
0.00039535
0.000433331
0.000385422
0.000397542
0.000412792
0.000407592
0.00041588
0.000390035
0.000386372
0.000381995
0.000421984
0.000425565
0.000401395
0.000412519
0.00042066
0.000449106
0.000433488
0.000401016
0.000433661
0.000413818
0.000408832
0.000398877
0.000415542
0.000457126
0.000432742
0.000399932
0.000408543
0.000401737
0.000449621
0.000434004
0.000431007
0.000417536
0.00044023
0.000415738
0.000412001
0.000416895
0.00043659
0.000449507
0.000411438
0.000440093
0.000445043
0.000419049
0.000408575
0.000400449
0.000419228
0.00040693
0.000407599
0.00041082
0.000429183
0.000422364
0.00042455
0.000442103
0.000420185
0.000419826
0.00042769
0.000437423
0.000443919
0.000431334
0.000416679
0.000392241
0.000409268
0.000380606
0.000423275
0.00044375
0.000452204
0.000438492
0.000474503
0.000456521
0.000424568
0.00040501
0.000402996
0.000390989
0.000396177
0.000418884
0.000368893
0.000436824
0.000390278
0.000420917
0.000392043
0.000419261
0.000402813
0.00036045
0.000385277
0.000380649
0.000422547
0.000464631
0.000473171
0.000452696
0.00045175
0.000451476
0.000404279
0.000419122
0.0004255
0.000408531
0.000408284
0.000396371
0.000405756
0.000408601
0.000443571
0.000427654
0.000414572
0.000428682
0.000421044
0.000400392
0.000407503
0.000397253
0.000422598
0.000400655
0.000390371
0.000404497
0.00038991
0.000399282
0.000397325
0.000428571
0.000426995
0.000438442
0.0004373
0.00040675
0.000434521
0.000437397
0.000446147
0.000406451
0.00043825
0.000388849
0.000423555
0.000412899
0.000418725
0.000412145
0.000436775
0.000411216
0.000432383
0.000419026
0.000392331
0.000425784
0.000420596
0.000443272
0.000459082
0.000408001
3.99987 1.04113e-09 
8.67362e-13 4 
1.99573 0.344919 
3.36611 0.0273251 
1.42912 0.647285 
3.76743 0.00348253 
3.26358 0.037427 
2.85352 0.0965733 
2.06088 0.318573 
0.633003 1.45054 
3.64267 0.00835816 
0.587111 1.52218 
2.49507 0.176753 
2.25399 0.248672 
0.420953 1.82572 
1.3658 0.691105 
0.186848 2.45781 
0.0622532 3.06423 
1.88359 0.393831 
3.4905 0.017348 
2.39345 0.205139 
0.136533 2.65852 
2.7455 0.11768 
0.114789 2.75957 
1.81163 0.427757 
0.210445 2.37547 
0.871365 1.13749 
0.508695 1.65578 
0.0974088 2.84899 
2.33499 0.222719 
0.155958 2.5763 
0.0218806 3.4302 
0.00472058 3.72989 
1.17805 0.836528 
1.50284 0.599227 
2.14467 0.286792 
0.484764 1.69976 
1.14165 0.867727 
0.395095 1.88083 
1.06881 0.93348 
0.0140689 3.53962 
0.253387 2.23989 
1.60932 0.534959 
2.99641 0.072353 
0.0478768 3.17265 
0.124578 2.71276 
1.01423 0.98587 
3.88678 0.000812728 
1.10925 0.896412 
3.85675 0.00130594 
3.99963 8.44033e-09 
2.63593 0.141712 
0.795706 1.22761 
2.19787 0.267784 
1.00659 0.99343 
0.172193 2.51235 
0.453743 1.75933 
3.17228 0.0479215 
0.3211 2.05447 
1.55507 0.566971 
0.959473 1.04137 
0.728717 1.31412 
1.87442 0.398041 
0.560237 1.56628 
0.789915 1.23483 
0.840482 1.17337 
3.05927 0.0629624 
0.295923 2.11997 
0.00101979 3.87328 
0.240143 2.27997 
0.271565 2.18709 
0.0402427 3.23782 
0.0767169 2.9688 
1.68728 0.491466 
0.953676 1.04742 
0.0122771 3.56907 
0.749612 1.28641 
0.356613 1.96793 
0.0341626 3.29484 
1.21391 0.806806 
2.60111 0.149928 
0.000122518 3.95585 
1.22857 0.794935 
1.27773 0.75626 
0.912846 1.09113 
3.58462 0.011383 
1.32397 0.721411 
0.912903 1.09106 
2.92475 0.0839896 
0.537628 1.6047 
1.64788 0.51309 
1.76688 0.449921 
0.696368 1.35842 
0.0236113 3.40897 
1.31646 0.726978 
0.0912631 2.88287 
0.163841 2.54475 
0.463749 1.73978 
0.663474 1.40532 
0.376035 1.92317 
