98.5309 0
95.0163 1
91.1665 2
88.9334 3
85.6489 4
72.1587 5
53.3983 6
17.5019 7
1.80813 8
0.370386 9
0.151337 10
0.0544441 11
0.0389366 12
0.0283756 13
0.0140429 14
0.00638439 15
0.00438489 16
0.00312161 17
0.00236646 18
0.00183792 19
0.00125199 20
0.000836479 21
0.00065852 22
0.000507319 23
0.000358151 24
0.000278994 25
0.000238795 26
0.000216223 27
0.000190887 28
0.000180938 29
0.000172192 30
0.000168978 31
0.00016681 32
0.000165922 33
0.000163969 34
0.000162842 35
0.000161396 36
0.000160667 37
0.000160369 38
0.000160272 39
0.000160209 40
0.000160132 41
0.000160084 42
0.000160042 43
0.000159988 44
0.000159948 45
0.00015992 46
0.000159907 47
0.000159901 48
0.000159896 49
0.000159895 50
0.000159892 51
0.00015989 52
0.000159888 53
0.000159886 54
0.000159885 55
0.000159885 56
0.000159884 57
0.000159884 58
0.000159883 59
0.000159882 60
0.000159882 61
0.000159881 62
0.000159881 63
0.000159881 64
0.000159881 65
0.00015988 66
0.00015988 67
0.00015988 68
0.00015988 69
0.000159879 70
0.000159879 71
0.000159879 72
0.000159879 73
0.000159879 74
0.000159879 75
0.000159879 76
0.000159879 77
0.000159879 78
0.000159879 79
0.000159879 80
0.000159879 81
0.000159879 82
0.000159879 83
0.000159879 84
0.000159879 85
0.000159879 86
0.000159879 87
0.000159879 88
0.000159879 89
0.000159879 90
0.000159879 91
0.000159879 92
0.000159879 93
0.000159879 94
0.000159879 95
0.000159879 96
0.000159879 97
0.000159878 98
0.000159878 99
0.000159878 100
0.000159878 101
0.000159878 102
0.000159878 103
0.000159878 104
0.000159878 105
0.000159878 106
0.000159878 107
0.000159878 108
0.000159878 109
0.000159878 110
0.000159878 111
0.000159878 112
0.000159878 113
0.000159878 114
0.000159878 115
0.000159878 116
0.000159878 117
0.000159878 118
0.000159878 119
0.000159878 120
0.000159878 121
0.000159878 122
0.000159878 123
0.000159878 124
0.000159878 125
0.000159878 126
0.000159878 127
0.000159878 128
0.000159878 129
0.000159878 130
0.000159878 131
0.000159878 132
0.000159878 133
0.000159878 134
0.000159878 135
0.000159878 136
0.000159878 137
0.000159878 138
0.000159878 139
0.000159878 140
0.000159878 141
0.000159878 142
0.000159878 143
0.000159878 144
0.000159878 145
0.000159878 146
0.000159878 147
0.000159878 148
0.000159878 149
0.000159878 150
0.000159878 151
0.000159878 152
0.000159878 153
0.000159878 154
0.000159878 155
0.000159878 156
0.000159878 157
0.000159878 158
0.000159878 159
0.000159878 160
0.000159878 161
0.000159878 162
0.000159878 163
0.000159878 164
0.000159878 165
0.000159878 166
0.000159878 167
0.000159878 168
0.000159878 169
0.000159878 170
0.000159878 171
0.000159878 172
0.000159878 173
0.000159878 174
0.000159878 175
0.000159878 176
0.000159878 177
0.000159878 178
0.000159878 179
0.000159878 180
0.000159878 181
0.000159878 182
0.000159878 183
0.000159878 184
0.000159878 185
0.000159878 186
0.000159878 187
0.000159878 188
0.000159878 189
0.000159878 190
0.000159878 191
0.000159878 192
0.000159878 193
0.000159878 194
0.000159878 195
0.000159878 196
0.000159878 197
0.000159878 198
0.000159878 199
0.000159878 200
0.000159878 201
0.000159878 202
0.000159878 203
0.000159878 204
0.000159878 205
0.000159878 206
0.000159878 207
0.000159878 208
0.000159878 209
0.000159878 210
0.000159878 211
0.000159878 212
0.000159878 213
0.000159878 214
0.000159878 215
0.000159878 216
0.000159878 217
0.000159878 218
0.000159878 219
0.000159878 220
0.000159878 221
0.000159878 222
0.000159878 223
0.000159878 224
0.000159878 225
0.000159878 226
0.000159878 227
0.000159878 228
0.000159878 229
0.000159878 230
0.000159878 231
0.000159878 232
0.000159878 233
0.000159878 234
0.000159878 235
0.000159878 236
0.000159878 237
0.000159878 238
0.000159878 239
0.000159878 240
0.000159878 241
0.000159878 242
0.000159878 243
0.000159878 244
0.000159878 245
0.000159878 246
0.000159878 247
0.000159878 248
0.000159878 249
0.000159878 250
